Pair	U723	U722	U721	U483	U482	U481	U243	U242	U241	U03	U02	U01	TGJ723	TGJ722	TGJ721	TGJ483	TGJ482	TGJ481	TGJ243	TGJ242	TGJ241	TG723	TG722	TG721	TG483	TG482	TG481	TG243	TG242	TG241
U723	100	98.72	99.06	97.95	98.38	97.51	97.42	97.6	97.85	98.01	97.81	97.48	97.13	96.59	96.77	96.5	96.43	96.08	96.84	96.57	97.02	97.68	97.91	97.48	97.84	97.77	97.94	97.11	96.6	97.47
U722	98.05	100	98.39	97.29	98.04	96.69	97.02	97.02	97.95	97.59	97.13	96.81	96.24	96.21	96.12	95.4	95.69	95.97	96.32	96.42	96.96	97.36	97.95	97.59	97.35	96.93	96.84	96.34	96.79	97.06
U721	98.18	98.48	100	97.56	98.39	97.64	97.02	97.48	98	97.66	97.49	97.28	96.77	96.28	96.18	95.64	96.28	95.72	96.37	96.45	96.41	97.23	97.38	97.28	97.24	97.4	97.25	96.77	96.46	97.1
U483	97.15	97.22	97.85	100	98.47	97.78	97.07	97.61	98.22	97.42	97.62	97.01	97.26	96.84	96.82	96.54	96.8	96.31	96.03	96.82	96.37	95.59	96.93	95.76	97.37	97.46	97.06	97.54	96.67	97.4
U482	96.99	96.91	97.77	98.16	100	97.54	97.44	97.69	98.44	97.48	97.6	97.86	97.26	96.76	96.19	96.06	96.39	96.45	96.63	97.18	97.45	95.65	96.02	95.74	97.66	97.44	97.36	97.2	97.13	97.78
U481	97.89	97.73	97.98	98.82	98.99	100	98.06	98.23	98.65	98.04	98.53	98.11	97.35	96.91	96.48	96.9	97.1	96.85	97.14	97.14	97.23	96.64	97.42	96.53	98.3	98.48	97.89	97.59	97.58	97.85
U243	96.34	96.4	96.8	96.75	97.69	96.81	100	97.34	98.2	97.69	97.37	96.66	96.65	96	95.82	96.01	96.3	95.86	96.43	97.01	97.12	94.89	96.18	94.61	96.4	96.63	96.49	97.23	97.02	97.68
U242	96.92	97.01	96.87	97.62	98.3	97.68	98.08	100	98.82	98.22	97.83	97.11	96.66	96.31	96.38	96.83	97.12	96.22	97.04	97.05	97.13	96	96.61	96.11	97.38	97.09	97.54	97.69	97.09	98.07
U241	96.69	96.93	96.48	97.5	98.48	97.63	98.04	98.19	100	97.8	97.94	97.35	97.19	96.76	96.39	96.59	96.66	96.68	97.52	97.51	97.62	95.63	96.68	95.48	97.38	96.71	97.09	97.49	97.49	97.95
U03	97.31	97.22	97.02	96.94	97.65	97.16	97.44	97.89	98.26	100	97.82	97.6	96.85	95.9	95.43	95.87	95.97	96.28	96.91	97.68	97.7	96.34	96.48	95.92	97.38	97.15	97.46	96.97	97.27	97.88
U02	97.6	97.68	97.87	97.61	98.23	97.78	98.06	98.95	98.68	98.77	100	98.6	96.94	96.54	96.82	96.78	96.51	96.69	97.77	97.95	97.88	96.13	97.2	96.74	97.95	97.33	97.58	98.32	98.41	98.77
U01	97.15	97.21	97	97.38	98.16	97.14	97.57	98.03	98.25	98.11	98.71	100	97.12	96.61	95.76	96.03	96.41	96.35	97.44	97.44	97.62	95.53	96.62	95.97	97.2	97.22	97.2	97.31	97.08	98.32
TGJ723	96.14	96.6	96.83	96.75	97.81	96.43	96.34	97.07	97.46	97.11	97.27	96.51	100	98.16	97.5	97.04	97.25	97.42	97	96.71	96.5	94.24	95.58	95.06	96.09	96.31	96.74	96.46	96.12	96.73
TGJ722	96.24	96.94	97.05	97.3	98.31	96.95	96.68	96.79	98.03	96.42	97.14	97.25	99.26	100	98.02	97.51	97.84	97.85	97.25	96.73	97.09	95.26	95.97	95.39	96.14	96.9	96.28	96.64	96.42	96.69
TGJ721	94.76	96.64	96.25	97.21	96.83	96.45	96.35	96.01	96.9	95.89	96.66	96.06	98.03	97.74	100	96.38	96.75	97.14	96.33	96.54	96.02	94.11	95.06	94.64	95.53	96.53	96.34	96.24	95.38	96.46
TGJ483	97.06	97.43	97.53	98	98.54	97.26	98.02	98.02	98.73	97.6	97.75	97.59	98.74	98.11	98.2	100	98.12	98.21	97.56	98.46	98	96.05	95.94	96.3	97.79	97.7	97.13	97.37	97.65	97.77
TGJ482	96.82	96.92	96.92	97.21	98.25	97.45	97.65	97.57	98.25	97.25	97.31	97.06	98.01	97.49	97.32	97.58	100	98.36	96.78	97.63	97.47	96	95.75	96.21	96.62	97	97.52	97.57	96.76	97.24
TGJ481	96.43	96.6	96.45	97.05	98.08	97.11	97.14	97.16	97.75	96.98	97.41	96.86	97.95	97.31	97.53	97.16	97.95	100	96.7	97.24	97.28	94.79	95.5	95.47	96.42	96.44	97	97.24	96.82	97.04
TGJ243	96.24	97.17	96.89	96.83	97.67	97.18	97.86	98.15	98.89	98.14	97.84	97.77	96.75	96.54	97.11	96.94	95.91	96.75	100	98.06	97.78	95.85	96.75	95.22	97.45	97.08	96.99	97.75	97.65	97.95
TGJ242	96.99	97.66	96.78	97.2	98.36	97.08	98.27	98.37	98.85	98.36	97.68	98.08	97.1	97.38	97.28	97.31	97.21	97.31	98.18	100	98.56	95.34	95.77	96.16	97.38	97.47	97.57	97.2	98.06	97.58
TGJ241	96.76	97.29	97.41	97.43	98.44	97.22	97.72	97.54	98.45	98.44	97.96	97.89	96.36	97.05	96.97	96.46	96.45	96.63	97.82	98.19	100	95.65	96.43	96.13	97.78	97.59	97.41	97.62	97.96	97.89
TG723	97.78	98.19	98.04	96.68	97.26	96.69	97.08	96.59	97.26	97.15	96.42	96.4	96.33	95.6	95.5	94.71	95.1	95.19	95.71	95.62	95.75	100	97.88	98.12	96.66	96.85	96.09	96.1	96.11	96.8
TG722	97.35	97.81	97.59	96.39	97.33	96.86	96.68	96.15	96.92	96.9	96.36	96.35	96.1	95.89	95.76	94.74	95.41	95.29	95.79	95.18	95.96	97.84	100	97.76	96.19	96.07	96.11	95.65	96.48	96.18
TG721	97.68	97.76	97.68	96.4	97.31	96.63	96.63	96.32	96.9	97.03	96.64	95.93	95.97	95.72	96.09	94.46	95.55	95.09	95.86	95.15	96.4	97.78	98.6	100	96.24	95.94	96.3	95.3	96.17	96.35
TG483	97.46	97.28	97.92	98.36	98.64	97.83	97.82	98.73	98.27	98.27	98.35	98.09	96.97	96.95	97.01	96.86	96.79	96.21	97.14	97.51	97.8	96.34	97.24	96.14	100	97.91	97.73	98.09	97.91	98.45
TG482	97.71	97.28	98.22	98.21	98.65	98.14	98.13	98.13	98.55	98.64	98.36	98.3	97.75	97.2	97.62	96.6	97.05	96.42	97.14	97.14	98.02	97	97.59	96.97	98.3	100	97.54	97.61	97.69	98.29
TG481	97.37	96.92	97.63	97.62	97.81	97.89	97.18	98.16	98.33	98.06	97.23	96.99	96.62	96.24	96.04	95.96	96.7	95.85	96.4	96.85	97.23	96.09	96.63	96.62	97.72	97.28	100	96.91	97.43	97.26
TG243	97.36	97.34	97.36	98.11	98.78	97.92	98.13	98.97	99.34	98.78	98.68	98.78	98.09	97.09	97.86	97.44	97.53	97.43	98.01	98.19	98.59	96.27	97.31	96.32	98.49	98.01	98.2	100	98.41	99.16
TG242	97.46	97.17	97.66	97.94	98.6	97.66	98.14	98.51	98.79	98.32	98.88	97.86	96.96	96.73	97.22	96.7	96.98	96.99	97.73	98.11	97.94	95.81	97.61	95.98	98.22	97.75	97.93	98.23	100	98.23
TG241	97.17	96.81	96.75	97.19	97.79	97.52	97.89	98.39	98.57	98.15	98.14	97.97	96.71	96.32	96.87	96.56	96.72	96.74	97.26	97.5	97.95	96.02	96.6	95.98	97.78	97.61	97.35	98.65	97.55	100
