gene	TGFb_t24_FDR	TGFb_t24_logFC	TGFb_t48_FDR	TGFb_t48_logFC	TGFb_t72_FDR	TGFb_t72_logFC	TGFb_and_JQ1_t24_FDR	TGFb_and_JQ1_t24_logFC	TGFb_and_JQ1_t48_FDR	TGFb_and_JQ1_t48_logFC	TGFb_and_JQ1_t72_FDR	TGFb_and_JQ1_t72_logFC
ENSG00000100479					 1.550e-10	-1.794e+00						
ENSG00000034510					 7.372e-81	-1.019e+00						
ENSG00000222482			 2.074e-05	-1.387e+00	 5.098e-07	-1.507e+00					 3.246e-08	 1.1638293
ENSG00000115963					1.737e-314	 2.446e+00	1.243e-169	 1.591e+00				
ENSG00000181938			 6.909e-09	-1.056e+00	 1.220e-09	-1.030e+00						
ENSG00000110719					 7.760e-81	-1.124e+00						
ENSG00000271992					 8.912e-06	 1.321e+00						
ENSG00000275074					 2.388e-36	-1.098e+00						
ENSG00000106610					 5.566e-43	 1.191e+00						
ENSG00000152253					 1.945e-20	-7.671e+00	 1.780e-40	-1.179e+00	 5.634e-19	 1.4824234		
ENSG00000275993	 4.895e-36	 1.572e+00	9.331e-127	 3.451e+00	 4.409e-95	 2.367e+00						
ENSG00000128512			 3.318e-73	-1.088e+00							 5.874e-37	 1.1745567
ENSG00000228436	 5.126e-05	-1.185e+00										
ENSG00000166321					 1.982e-08	-1.057e+00						
ENSG00000165891			 2.785e-84	 1.121e+00	3.788e-215	 2.312e+00						
ENSG00000137880					 1.698e-11	-1.761e+00						
ENSG00000180543					 1.016e-73	 1.111e+00						
ENSG00000226738			 1.104e-05	 5.600e+00	 6.405e-63	 3.916e+00					 9.511e-09	-6.3862902
ENSG00000168952					 4.134e-38	-1.346e+00						
ENSG00000125319					 2.403e-08	-1.315e+00						
ENSG00000198624	 1.571e-34	-1.233e+00	 1.334e-64	-1.176e+00								
ENSG00000112715	4.602e-261	 1.420e+00	 0.000e+00	 2.060e+00	 2.044e-78	 1.060e+00					 1.949e-99	-1.9000746
ENSG00000145040	 6.004e-39	 1.604e+00	 3.769e-24	 2.093e+00	 1.744e-13	 1.510e+00						
ENSG00000226415					 1.436e-05	-1.289e+00			 2.281e-05	 1.1228341		
ENSG00000164904					 1.853e-61	-1.018e+00						
ENSG00000007944	 1.235e-47	-1.070e+00	 4.729e-54	-1.299e+00					 2.080e-85	 1.2199767	4.194e-163	 2.5543674
ENSG00000118217					2.871e-108	 1.119e+00						
ENSG00000172053					4.071e-119	-1.082e+00						
ENSG00000257524	 3.747e-05	-1.067e+00	 1.012e-07	-1.018e+00	 7.023e-16	-1.361e+00			 1.028e-10	-1.1749913		
ENSG00000183814					 3.083e-07	-1.173e+00						
ENSG00000156398					 9.960e-26	-1.441e+00						
ENSG00000273038					 2.899e-37	-1.362e+00						
ENSG00000155304					 0.000e+00	 1.775e+00						
ENSG00000251136					 2.167e-34	 1.074e+00						
ENSG00000175197			4.252e-213	 1.769e+00	1.202e-209	 1.476e+00						
ENSG00000120658					 4.271e-30	-1.751e+00						
ENSG00000154127	4.510e-154	 1.141e+00	2.819e-220	 1.896e+00							 5.768e-22	-1.1178657
ENSG00000273796					 3.540e-05	-1.526e+00	 3.399e-06	-1.230e+00				
ENSG00000167323					2.851e-106	 1.015e+00						
ENSG00000144597					 4.179e-82	 1.209e+00						
ENSG00000116711					 1.650e-85	-1.618e+00						
ENSG00000120693					 7.389e-32	-1.522e+00	 1.636e-33	-1.339e+00	 1.258e-32	-1.3976334		
ENSG00000141858					 7.685e-57	-1.208e+00						
ENSG00000262877	 1.869e-15	-1.357e+00									 1.456e-50	 1.9991019
ENSG00000076604					1.303e-105	 1.090e+00						
ENSG00000142731					 8.940e-25	-2.449e+00			 1.860e-16	 1.1492148		
ENSG00000117152			3.637e-131	-1.344e+00	8.072e-164	-2.167e+00						
ENSG00000113161					 3.974e-97	-1.138e+00						
ENSG00000270001	 4.016e-07	-1.007e+00										
ENSG00000128510	 1.468e-09	-1.109e+00	 6.992e-35	-2.975e+00	1.225e-202	-6.271e+00	 1.924e-11	 1.123e+00			 4.593e-18	-1.2994866
ENSG00000234203			 1.508e-07	 2.183e+00							 2.757e-14	-2.6171695
ENSG00000185437					 1.728e-81	 2.369e+00						
ENSG00000224034					 4.151e-05	 1.831e+00						
ENSG00000130304					 2.436e-63	-1.242e+00						
ENSG00000187801			 1.126e-10	 1.027e+00								
ENSG00000106351	 1.861e-84	-1.154e+00	9.500e-200	-1.779e+00	1.331e-160	-2.297e+00					 3.503e-25	 1.2023111
ENSG00000182606					 1.371e-78	-1.035e+00						
ENSG00000161800					 2.222e-23	-1.208e+00						
ENSG00000115461	9.943e-146	-1.152e+00	8.932e-236	-2.322e+00	2.009e-264	-3.311e+00	6.440e-209	-1.627e+00	 0.000e+00	-2.5869023		
ENSG00000185338					 3.923e-27	-1.607e+00						
ENSG00000235119			 2.226e-07	 4.615e+00							 8.223e-10	-6.5983332
ENSG00000238107			 7.533e-13	 5.447e+00	 4.459e-35	 3.225e+00					 3.110e-07	-6.3623739
ENSG00000128294					 1.342e-51	-1.049e+00						
ENSG00000198189					 2.940e-82	-1.376e+00	3.339e-109	-1.754e+00				
ENSG00000100979					 5.826e-65	-1.119e+00						
ENSG00000183856					 1.255e-55	-3.182e+00			9.170e-141	 2.0675388		
ENSG00000160606					 4.117e-14	-1.158e+00	 2.135e-72	 1.864e+00				
ENSG00000185633			 2.078e-16	 1.075e+00	 7.617e-53	-1.653e+00					9.465e-170	-4.0017069
ENSG00000173334					4.940e-265	 2.362e+00	 2.902e-41	 1.107e+00				
ENSG00000179598					 1.748e-79	 2.143e+00	 3.091e-08	-1.179e+00				
ENSG00000171889			 1.722e-32	 1.565e+00	7.656e-239	 2.928e+00						
ENSG00000277639					 1.201e-09	 1.491e+00						
ENSG00000152154	 8.281e-07	-1.650e+00										
ENSG00000117650					 4.428e-12	-1.913e+00	 2.054e-79	-1.420e+00	 4.613e-38	 1.5212419		
ENSG00000225131					 6.427e-05	 1.390e+00						
ENSG00000123933	 5.315e-78	-1.037e+00			1.665e-190	-1.882e+00						
ENSG00000183044					 8.033e-51	-1.293e+00						
ENSG00000162572	 4.539e-12	-1.002e+00										
ENSG00000074527					5.654e-153	 1.924e+00						
ENSG00000169359					2.357e-130	 1.080e+00						
ENSG00000146072	 1.444e-99	-1.909e+00	2.762e-171	-1.196e+00	2.006e-228	-2.229e+00	 1.968e-45	-1.191e+00	 1.118e-97	-1.1497557		
ENSG00000175087					 5.138e-27	 1.038e+00						
ENSG00000238058					 4.513e-06	-1.185e+00						
ENSG00000123485					 2.031e-37	-3.283e+00			 1.252e-49	 1.3092231		
ENSG00000092964					 1.627e-83	-1.040e+00						
ENSG00000133687	6.387e-129	-1.150e+00										
ENSG00000187583			 5.122e-11	 1.180e+00							 3.990e-07	-1.2102538
ENSG00000149131					8.705e-189	-1.673e+00						
ENSG00000101003					 8.346e-14	-1.373e+00						
ENSG00000199024					 1.475e-05	 1.182e+00						
ENSG00000167508					1.993e-238	-1.782e+00	2.558e-165	 1.317e+00				
ENSG00000112218					 5.717e-25	 1.203e+00	 1.097e-15	 1.005e+00				
ENSG00000234779					 1.748e-05	-1.063e+00	 4.092e-15	-1.464e+00				
ENSG00000105270					3.236e-106	-1.237e+00						
ENSG00000111247					 1.956e-07	-1.318e+00						
ENSG00000111696					 3.362e-43	-1.020e+00						
ENSG00000157456					 2.807e-19	-2.147e+00	4.570e-123	-1.324e+00	 1.713e-66	 1.7001842		
ENSG00000165617	 2.099e-56	 2.061e+00	 2.004e-91	 1.614e+00	 1.805e-68	 1.655e+00	 1.007e-13	 1.125e+00				
ENSG00000167842					 4.909e-57	 1.013e+00						
ENSG00000085662					 0.000e+00	 1.937e+00						
ENSG00000213160			 1.101e-20	-1.237e+00	 5.015e-38	-1.714e+00						
ENSG00000186185					 7.348e-24	-2.933e+00			 4.412e-26	 1.3092971		
ENSG00000124593					 4.908e-20	-1.081e+00						
ENSG00000149380			3.481e-151	 1.614e+00								
ENSG00000132003			 2.523e-74	 1.240e+00								
ENSG00000127564					 6.310e-31	-3.413e+00						
ENSG00000100206					 2.270e-18	-2.251e+00	 2.076e-21	-1.148e+00				
ENSG00000026036					 1.080e-16	-1.058e+00						
ENSG00000128590					2.434e-220	 1.662e+00						
ENSG00000165821					 2.063e-49	-1.920e+00	 4.984e-87	-2.593e+00	 9.749e-99	-1.4933128		
ENSG00000197594					 3.495e-44	-1.692e+00	 1.151e-27	 1.053e+00				
ENSG00000129810					 4.137e-11	-2.203e+00						
ENSG00000215022					 8.696e-17	 1.332e+00						
ENSG00000081181					 5.889e-11	-1.538e+00			 2.889e-24	 1.6269654		
ENSG00000172893					7.572e-192	-1.558e+00						
ENSG00000084731					 4.732e-82	-1.501e+00						
ENSG00000213523					 1.111e-84	 1.050e+00						
ENSG00000232472					 2.254e-05	 1.098e+00						
ENSG00000128606	 5.190e-98	 1.086e+00			7.258e-158	-2.792e+00	4.432e-291	-2.484e+00	3.541e-310	-2.3642711		
ENSG00000172345	 1.543e-20	-1.042e+00	 1.510e-87	-1.510e+00	 1.643e-91	-2.567e+00			 2.419e-88	-1.4679791		
ENSG00000197565	1.127e-123	-1.584e+00	4.072e-200	-1.684e+00	 0.000e+00	-1.996e+00	4.109e-128	-1.340e+00	4.104e-226	-1.7802358		
ENSG00000136770					9.196e-150	 1.121e+00						
ENSG00000171617					 4.152e-33	-1.415e+00	 1.555e-84	 1.423e+00				
ENSG00000224020			 3.501e-05	 1.343e+00	 1.397e-06	 1.529e+00						
ENSG00000146410					 1.222e-06	-1.710e+00						
ENSG00000118526			 2.997e-57	-1.106e+00	6.590e-184	 1.702e+00						
ENSG00000267632	 1.344e-05	-1.165e+00			 2.183e-08	 1.066e+00						
ENSG00000075618					4.176e-176	-2.116e+00	6.046e-105	 1.305e+00				
ENSG00000197860					3.240e-268	 1.774e+00						
ENSG00000268049					 9.502e-06	-1.085e+00						
ENSG00000075218					 4.597e-35	-3.225e+00			1.194e-117	 1.7288916		
ENSG00000107738			 2.429e-49	-1.402e+00	 3.666e-86	-1.542e+00					 3.547e-50	-1.8831687
ENSG00000259092					 1.134e-23	 5.415e+00						
ENSG00000076382					 1.630e-18	-1.347e+00	 4.280e-75	-1.232e+00	 2.879e-78	 1.4054267		
ENSG00000153879			1.574e-221	 2.257e+00							 2.566e-71	-1.6171475
ENSG00000149782					9.760e-143	-1.163e+00						
ENSG00000137070					 3.081e-37	-1.155e+00						
ENSG00000057294					 4.992e-93	-1.421e+00						
ENSG00000066248	 1.214e-22	-1.031e+00										
ENSG00000166750					7.929e-265	 1.931e+00						
ENSG00000261567					 5.839e-05	-1.751e+00						
ENSG00000204580					5.255e-147	-2.006e+00	5.378e-219	-2.380e+00	2.392e-163	-1.5777774		
ENSG00000100629					 8.811e-11	-1.189e+00			 3.241e-17	 1.0964179		
ENSG00000184995			 3.239e-17	 1.964e+00	 1.997e-67	 2.488e+00						
ENSG00000156453			 3.631e-87	 2.575e+00	1.192e-241	 1.883e+00	8.167e-129	 3.029e+00			3.913e-181	-3.4663876
ENSG00000090889					 1.002e-14	-1.464e+00			1.170e-142	 1.7651021		
ENSG00000160917					 1.680e-86	 1.054e+00						
ENSG00000135636	 1.425e-51	-1.071e+00										
ENSG00000204389			 3.118e-59	-1.326e+00	7.698e-126	-2.111e+00						
ENSG00000145777	 1.748e-45	-1.523e+00			 9.436e-68	 1.601e+00	 6.410e-76	-2.467e+00				
ENSG00000170485			3.289e-106	 1.191e+00							 2.207e-37	-1.1323304
ENSG00000235109	 2.120e-22	-1.035e+00			 2.194e-21	-1.226e+00					2.260e-116	 2.3693833
ENSG00000069482	 2.118e-76	 1.542e+00										
ENSG00000078081	 1.037e-07	-1.612e+00			 0.000e+00	 4.289e+00			 3.540e-10	 2.0249990	 1.008e-17	-1.8853526
ENSG00000247240					 3.985e-09	-1.206e+00						
ENSG00000125967					 2.287e-65	-1.385e+00						
ENSG00000099251					 6.571e-13	-1.117e+00						
ENSG00000168502					 1.520e-73	-1.059e+00						
ENSG00000196449					 1.037e-53	 1.047e+00						
ENSG00000061918			 2.047e-15	-1.167e+00	 7.625e-20	-1.455e+00	 8.230e-26	 1.219e+00			 3.548e-19	 1.2155688
ENSG00000172137	 9.269e-16	 2.589e+00			 9.602e-62	 5.183e+00						
ENSG00000127423					 1.605e-07	-2.835e+00			 6.654e-05	 1.2274281		
ENSG00000101447					 1.428e-36	-1.821e+00			1.950e-126	 1.7397137		
ENSG00000179104			 5.051e-47	-1.329e+00	 2.587e-17	-1.028e+00					 9.751e-56	 1.7144398
ENSG00000267681					 9.239e-08	 1.153e+00						
ENSG00000207279					 3.080e-05	-2.225e+00						
ENSG00000106701					 2.418e-39	 1.164e+00						
ENSG00000222032	 7.710e-19	 1.517e+00	 1.258e-12	 2.139e+00	 1.892e-05	 2.021e+00						
ENSG00000120889					3.449e-229	 1.730e+00						
ENSG00000099889			 2.475e-14	-1.160e+00			 3.889e-20	 1.136e+00				
ENSG00000101057					 2.989e-86	-4.919e+00			 3.017e-99	 1.7263555		
ENSG00000260461					 8.336e-12	-1.280e+00	 7.961e-13	-1.233e+00				
ENSG00000165424					 7.453e-79	-1.056e+00						
ENSG00000163507					 3.970e-22	-1.341e+00						
ENSG00000269439			 1.468e-30	 1.463e+00								
ENSG00000080986					 4.982e-16	-1.985e+00			 2.757e-68	 1.5246842		
ENSG00000156103					2.126e-183	 1.763e+00						
ENSG00000235927	 1.966e-08	-1.421e+00									 1.619e-07	-1.1208681
ENSG00000059728			 9.615e-66	 1.346e+00	 0.000e+00	 2.101e+00						
ENSG00000241886			 2.902e-06	 1.612e+00	 4.501e-07	 1.983e+00						
ENSG00000281207			 8.534e-10	 1.183e+00	 6.606e-83	 1.703e+00	 5.262e-21	 1.299e+00				
ENSG00000162878					 7.020e-78	-1.106e+00						
ENSG00000170469					 3.173e-16	 1.201e+00						
ENSG00000109674					 1.964e-26	-4.217e+00			 6.362e-15	 1.1995489		
ENSG00000132561	 1.413e-14	-1.054e+00	2.013e-212	-2.846e+00	1.995e-148	-2.487e+00			5.361e-186	-2.3364802	 6.039e-31	-1.2931775
ENSG00000156502					 5.992e-79	 1.217e+00						
ENSG00000147416					9.575e-107	 1.202e+00						
ENSG00000151067	 5.009e-27	 1.041e+00							 3.081e-87	-1.8468735	 5.529e-42	-1.1006669
ENSG00000024526					 8.396e-16	-1.645e+00	3.655e-130	-1.356e+00				
ENSG00000038427	3.110e-235	 1.493e+00	 0.000e+00	 2.534e+00	 7.947e-43	 1.889e+00	3.604e-106	 1.175e+00	4.733e-142	 1.2333749		
ENSG00000196843					 2.413e-90	 1.351e+00						
ENSG00000100647			6.018e-157	 1.200e+00	5.303e-160	 1.590e+00						
ENSG00000122035	 2.791e-52	-1.662e+00	 6.596e-62	-1.981e+00	 2.043e-19	-1.098e+00			 9.779e-95	 1.3250326	 5.461e-51	 1.7588053
ENSG00000118263			 2.193e-81	 1.111e+00								
ENSG00000196358					 2.478e-32	 1.027e+00	 2.314e-15	-1.171e+00	 1.741e-37	-1.0864681		
ENSG00000088325					 9.981e-59	-1.876e+00	 1.403e-69	-1.026e+00				
ENSG00000054654	1.110e-100	-1.017e+00	 2.172e-88	-1.134e+00	6.411e-251	-1.801e+00						
ENSG00000183763					 9.363e-07	-1.477e+00			 5.656e-35	 1.6298462		
ENSG00000117399					 4.122e-50	-2.509e+00			7.492e-143	 1.9239248		
ENSG00000078018					 2.633e-22	 1.073e+00			 6.381e-17	 1.0572404		
ENSG00000100558	 8.239e-52	 1.126e+00	 3.234e-16	 1.297e+00							 8.673e-12	-1.8972843
ENSG00000129173					 7.579e-05	-3.004e+00	 8.719e-40	-2.144e+00				
ENSG00000130487			 3.250e-16	 5.849e+00	3.325e-275	 4.370e+00					 5.113e-18	-5.3480869
ENSG00000013588	 2.732e-51	-1.054e+00	1.386e-180	-2.027e+00	1.780e-107	-1.614e+00	2.175e-115	 1.375e+00				
ENSG00000144554					 1.361e-27	-2.303e+00	1.154e-116	-1.678e+00				
ENSG00000100253			 4.813e-07	 2.446e+00	 3.961e-18	 1.745e+00					 2.097e-14	-3.2454645
ENSG00000142856					 5.448e-18	-1.097e+00						
ENSG00000163171			 2.435e-37	 1.236e+00							 1.613e-68	-1.6731700
ENSG00000188153	 1.521e-90	-1.132e+00			 1.555e-84	-1.017e+00	 1.052e-94	-1.238e+00	2.223e-133	-1.4582783		
ENSG00000169683					 1.365e-36	-1.430e+00						
ENSG00000143507	 1.492e-24	-1.055e+00										
ENSG00000130748					 2.592e-32	-1.190e+00						
ENSG00000187796			 4.164e-70	 1.821e+00							 1.176e-12	-1.2595435
ENSG00000122378			 1.153e-88	-1.286e+00	 1.566e-65	-1.524e+00	 5.681e-55	-1.835e+00	 4.241e-82	-1.4200810		
ENSG00000256973	 8.996e-09	-1.202e+00										
ENSG00000067445					 1.763e-33	-1.281e+00						
ENSG00000261550					 6.261e-05	 1.170e+00	 8.205e-05	-1.197e+00				
ENSG00000186193					 1.197e-19	-3.229e+00	 1.165e-62	-1.390e+00	 8.021e-38	 1.3886358		
ENSG00000198901					 9.009e-58	-2.308e+00	2.511e-148	-1.392e+00	 1.978e-81	 1.1338048		
ENSG00000260630					 1.128e-61	-1.843e+00						
ENSG00000035403					 3.264e-74	-1.212e+00						
ENSG00000130635			7.067e-173	 1.106e+00								
ENSG00000149428					 6.368e-94	 1.625e+00						
ENSG00000249992			 1.349e-22	-1.019e+00								
ENSG00000170396			 3.732e-12	-1.091e+00	 3.500e-26	 1.253e+00			 2.924e-22	-1.3202105		
ENSG00000134057					 2.815e-90	-2.450e+00	1.307e-143	-1.329e+00	4.815e-163	 1.5406881		
ENSG00000149564					 3.593e-37	-1.807e+00	 4.515e-41	 1.067e+00	2.814e-157	 1.9012210		
ENSG00000281195	 6.427e-06	-1.165e+00									 1.101e-06	 1.0113540
ENSG00000105778					5.963e-175	 1.303e+00						
ENSG00000076706	 4.450e-76	 1.115e+00			 1.472e-55	-1.821e+00						
ENSG00000167600	 8.874e-76	-1.280e+00			 1.674e-61	-2.165e+00			5.342e-115	 1.7198959		
ENSG00000203497					 5.657e-06	-1.193e+00	 2.249e-08	-1.323e+00	 1.256e-25	-1.7483655		
ENSG00000177602					 1.645e-09	-1.983e+00						
ENSG00000153162	 2.362e-60	-1.369e+00	 3.448e-47	-1.536e+00	 5.720e-71	-2.148e+00					 1.776e-27	 1.0923405
ENSG00000119922	 5.468e-27	-1.295e+00			 2.977e-92	 1.419e+00	 7.310e-47	-1.919e+00				
ENSG00000239521			 3.003e-50	-1.218e+00	 1.430e-33	-1.202e+00						
ENSG00000138675					 1.351e-35	-1.383e+00						
ENSG00000137825			 3.200e-22	 1.742e+00	 1.258e-77	 1.676e+00					 2.636e-46	-2.4251251
ENSG00000122877			 2.683e-62	 3.126e+00	2.221e-247	 4.500e+00			 4.356e-07	-1.5859770		
ENSG00000196154			 4.273e-11	-1.153e+00	 4.350e-29	-2.654e+00						
ENSG00000237781	 3.486e-22	-1.463e+00			 7.171e-15	-1.044e+00						
ENSG00000102038					 3.416e-94	-1.066e+00						
ENSG00000250474					 4.196e-06	 1.200e+00	 4.015e-11	 1.349e+00				
ENSG00000124216	 3.794e-76	 1.344e+00			 2.347e-93	-1.371e+00						
ENSG00000167487					 4.704e-51	 1.054e+00						
ENSG00000204228					 1.441e-10	-1.108e+00						
ENSG00000127824	 9.744e-17	-1.103e+00	 2.638e-08	-1.264e+00	 2.613e-16	-1.635e+00						
ENSG00000171150					4.948e-105	-1.103e+00						
ENSG00000136603	 1.021e-62	 1.060e+00	3.315e-124	 1.436e+00	3.606e-108	 1.292e+00						
ENSG00000131188					 1.241e-37	-1.822e+00						
ENSG00000129219					 9.900e-95	-1.244e+00						
ENSG00000101384	1.215e-170	-1.341e+00	3.573e-187	-1.392e+00	1.900e-106	-1.225e+00						
ENSG00000151150			 0.000e+00	-1.655e+00	 0.000e+00	-3.045e+00	 0.000e+00	-2.883e+00			 4.665e-50	 1.4827716
ENSG00000137809	 1.073e-61	-2.048e+00	 2.350e-87	 1.154e+00	1.142e-216	 2.146e+00	 1.461e-47	-1.615e+00				
ENSG00000156011					5.701e-112	 1.106e+00						
ENSG00000130164					4.831e-219	-1.579e+00						
ENSG00000175063					 3.919e-43	-3.385e+00			 1.361e-54	 1.4729321		
ENSG00000168078					 1.527e-31	-3.460e+00	 5.459e-76	-1.392e+00	 2.755e-24	 1.2279726		
ENSG00000235636			 3.138e-06	 1.027e+00	 2.360e-15	 1.255e+00						
ENSG00000137574					 4.810e-92	 1.163e+00						
ENSG00000196072					3.595e-109	 1.191e+00						
ENSG00000123374					 3.763e-36	-1.059e+00						
ENSG00000101911					 1.998e-86	-1.349e+00						
ENSG00000166313			 1.928e-74	-1.070e+00								
ENSG00000182584					 9.648e-10	-1.199e+00	 7.279e-20	 1.269e+00				
ENSG00000143067					1.191e-121	 1.185e+00						
ENSG00000276043					 1.155e-18	-1.573e+00						
ENSG00000262601					 3.740e-16	-1.442e+00						
ENSG00000161888					 5.804e-61	-4.142e+00						
ENSG00000113407			1.082e-224	 1.318e+00	 9.297e-88	 1.008e+00					 1.247e-49	-1.0991241
ENSG00000172432			1.471e-185	 1.307e+00							 1.132e-58	-1.4673104
ENSG00000100889			 0.000e+00	 3.284e+00							1.588e-172	-2.7857317
ENSG00000204314					 4.191e-12	-1.092e+00	 1.010e-68	-2.302e+00				
ENSG00000277548					 1.477e-06	 1.904e+00						
ENSG00000214402	 5.033e-09	-2.507e+00	 1.256e-80	-1.690e+00	 3.103e-77	-1.926e+00	 1.668e-05	-2.062e+00	 0.000e+00	-4.0462349		
ENSG00000184635					 4.132e-14	-1.403e+00						
ENSG00000183287			 0.000e+00	-1.989e+00	2.619e-298	-2.346e+00	4.663e-222	-1.640e+00	4.116e-315	-1.9731172		
ENSG00000079150					 5.658e-46	-1.099e+00						
ENSG00000153246					9.288e-190	-1.608e+00	 1.749e-32	-1.102e+00	1.049e-124	-1.4096967		
ENSG00000068489					 5.511e-53	-2.278e+00	1.987e-158	-1.495e+00	 1.636e-78	 1.2364741		
ENSG00000186638					 2.895e-07	-1.017e+00						
ENSG00000141682			 4.686e-83	 1.396e+00	3.756e-151	 1.676e+00					 1.856e-21	-1.0598915
ENSG00000243176					 3.610e-31	 2.856e+00						
ENSG00000139269			5.649e-117	 6.947e+00	 1.524e-37	 1.742e+00	 2.509e-06	-5.893e+00			 1.165e-38	-7.0898880
ENSG00000090020					 0.000e+00	 2.029e+00						
ENSG00000174564			 1.419e-66	 2.474e+00	3.740e-144	 1.914e+00					 2.816e-45	-2.3656802
ENSG00000240602			 1.274e-06	-1.607e+00	 8.102e-12	-4.578e+00					 1.007e-05	 1.3218806
ENSG00000115163					 1.090e-08	-1.467e+00			 3.608e-30	 1.4950626		
ENSG00000271011					 4.073e-05	 1.233e+00						
ENSG00000179222					4.633e-271	-1.891e+00						
ENSG00000077152					 1.967e-07	-1.053e+00						
ENSG00000105516	 7.429e-23	-1.391e+00			 7.410e-17	-1.285e+00	 9.867e-51	-2.856e+00	7.897e-104	-1.9201819		
ENSG00000010278			 5.700e-64	-1.409e+00	3.002e-146	-2.865e+00						
ENSG00000261270			 1.025e-05	 1.251e+00								
ENSG00000165490					 3.827e-09	-1.955e+00			 5.566e-17	 1.3757127		
ENSG00000173207					 1.913e-22	-1.048e+00			 4.503e-62	 1.1870149		
ENSG00000153291	 5.655e-14	-1.200e+00	 1.225e-33	-1.023e+00								
ENSG00000005189					 2.843e-25	-1.914e+00						
ENSG00000113319					1.117e-225	 3.588e+00						
ENSG00000140280					 5.264e-17	-1.100e+00	 4.807e-30	-1.080e+00				
ENSG00000170293					 2.338e-12	-2.094e+00						
ENSG00000124225	 1.609e-87	 2.413e+00	 6.821e-54	 2.232e+00	 3.961e-34	 1.553e+00	 1.084e-52	 1.849e+00				
ENSG00000177363	 5.944e-07	-1.710e+00			4.799e-142	 1.967e+00			 8.265e-53	-3.4751055	 4.209e-96	-3.9740609
ENSG00000051108			6.216e-183	 1.306e+00	 7.560e-79	 1.094e+00						
ENSG00000006606			 2.373e-06	-1.521e+00	 2.013e-08	-2.121e+00	 8.468e-08	-1.095e+00				
ENSG00000172572					 1.960e-51	-1.222e+00	 7.924e-73	-1.080e+00				
ENSG00000254910					 6.914e-12	-2.368e+00	 1.409e-18	-2.348e+00	 4.861e-09	-1.6200497		
ENSG00000237886					 1.328e-12	-1.664e+00	 4.161e-10	-1.047e+00				
ENSG00000111981			3.231e-131	 2.836e+00	4.312e-272	 2.304e+00	 8.120e-60	 1.824e+00	 2.116e-74	 2.0156646		
ENSG00000277759					 2.751e-05	-3.922e+00						
ENSG00000142910			 2.386e-68	-2.364e+00	1.209e-250	-4.457e+00						
ENSG00000042062	 1.570e-52	-3.674e+00	4.710e-105	-2.243e+00	4.112e-182	-2.270e+00	 2.225e-66	-5.310e+00	 0.000e+00	-3.7509355		
ENSG00000147912					5.909e-104	 1.474e+00						
ENSG00000020426					 6.225e-42	 1.218e+00						
ENSG00000128272			1.923e-218	 1.326e+00								
ENSG00000230479	 6.940e-43	 2.702e+00	 2.599e-40	 4.071e+00	 7.834e-10	 1.932e+00						
ENSG00000270061	 4.703e-07	-1.218e+00										
ENSG00000154553			9.338e-145	 1.396e+00	 5.956e-23	 1.252e+00					 2.045e-19	-1.3559807
ENSG00000069702	 2.037e-50	-1.153e+00	6.878e-229	-1.815e+00	 1.993e-59	-1.710e+00					 8.045e-33	 1.3028079
ENSG00000106268					 1.079e-24	-1.164e+00						
ENSG00000129757	 2.123e-27	-1.227e+00	1.292e-266	-1.657e+00	7.448e-178	-3.225e+00	 1.974e-54	-1.850e+00	 4.408e-84	-1.3505997		
ENSG00000178531					 7.272e-07	-1.109e+00						
ENSG00000121104					 2.604e-55	-1.851e+00						
ENSG00000198721					 4.424e-77	-1.090e+00						
ENSG00000092969					4.710e-275	 1.971e+00						
ENSG00000260916					2.745e-226	 1.551e+00						
ENSG00000224536			 9.374e-05	 1.792e+00								
ENSG00000185813					1.900e-106	-1.404e+00						
ENSG00000138180					 1.614e-37	-3.136e+00			 1.670e-68	 1.6964007		
ENSG00000278000					 5.108e-14	 2.500e+00						
ENSG00000144468					 7.975e-80	 1.027e+00						
ENSG00000182199			 0.000e+00	 1.732e+00							 1.925e-55	-1.3326196
ENSG00000214654					 8.280e-17	 1.188e+00						
ENSG00000178752			 2.931e-11	 1.405e+00							 2.345e-30	-2.2937018
ENSG00000255284					 5.285e-25	-1.234e+00						
ENSG00000197183					 3.240e-98	-1.515e+00						
ENSG00000115884	 6.073e-66	 1.153e+00	 2.642e-13	 1.045e+00							 8.206e-19	-1.8983878
ENSG00000201812					 5.662e-10	-4.224e+00						
ENSG00000163794	 2.698e-05	-1.316e+00										
ENSG00000165495	 1.729e-21	 1.024e+00			 2.303e-23	-1.134e+00						
ENSG00000178999					 4.071e-44	-3.683e+00			 6.602e-58	 1.5983714		
ENSG00000204556					 2.106e-06	-1.197e+00						
ENSG00000183439					 6.162e-14	 1.274e+00						
ENSG00000269343					 6.798e-47	 1.173e+00						
ENSG00000257732	 1.866e-05	-1.483e+00	 4.247e-08	-1.723e+00	 2.905e-31	-3.412e+00						
ENSG00000258900					 3.815e-06	 1.144e+00						
ENSG00000204381					 1.862e-86	-1.747e+00						
ENSG00000125247					 1.201e-69	-1.363e+00						
ENSG00000198855					 3.912e-78	 1.692e+00						
ENSG00000041357					 6.149e-96	 1.006e+00						
ENSG00000186104					 1.059e-75	 1.185e+00						
ENSG00000175832			 6.461e-11	 1.344e+00			 1.447e-29	-1.048e+00			 4.701e-06	-1.0516885
ENSG00000166165			 1.405e-61	-1.573e+00	 9.627e-57	-1.590e+00	1.822e-159	 2.375e+00	 5.346e-40	 1.0388391		
ENSG00000241404	 5.652e-09	-1.001e+00			 1.409e-12	-1.058e+00						
ENSG00000134690					 2.976e-19	-2.066e+00			 1.381e-43	 1.2649742		
ENSG00000197063					3.859e-127	 1.143e+00						
ENSG00000198146					1.597e-116	 1.095e+00						
ENSG00000114270	 2.122e-69	 1.293e+00	6.777e-248	 1.784e+00	2.813e-216	 2.055e+00					 2.043e-16	-1.0225944
ENSG00000104321			 1.589e-23	 2.338e+00	 6.792e-06	 1.053e+00					 3.683e-06	-1.8114413
ENSG00000170458	 7.028e-08	-1.126e+00			 2.306e-25	 1.968e+00	 1.104e-08	-1.163e+00				
ENSG00000260350					 2.736e-08	 1.657e+00						
ENSG00000102763					6.696e-190	 1.607e+00						
ENSG00000131473					5.317e-198	-1.518e+00						
ENSG00000047648	 7.926e-69	-1.164e+00	 1.921e-49	-1.252e+00	 2.978e-66	-2.008e+00	 1.484e-50	-1.067e+00				
ENSG00000170379	 3.756e-46	-1.074e+00	 9.216e-20	-1.137e+00	 3.375e-47	-1.913e+00						
ENSG00000221502					 8.407e-05	-1.848e+00	 2.188e-09	-2.754e+00	 8.628e-07	-2.2344597		
ENSG00000188647					 3.790e-78	 1.038e+00						
ENSG00000040275	8.477e-109	 1.066e+00	2.488e-140	 1.656e+00								
ENSG00000167136					 2.256e-20	-1.080e+00			 2.398e-42	 1.0890587		
ENSG00000141338	 5.149e-64	-1.351e+00	4.143e-161	-1.130e+00	1.164e-110	-1.113e+00	1.077e-238	-3.090e+00	2.231e-248	-1.7699771		
ENSG00000261824			 4.457e-45	 1.268e+00								
ENSG00000122952					 1.813e-38	-2.695e+00						
ENSG00000197813			 1.187e-05	-1.038e+00	 6.201e-06	-1.009e+00						
ENSG00000172824	 1.381e-08	-1.269e+00			 2.727e-10	-1.151e+00					 1.380e-23	 1.4885388
ENSG00000185630					1.813e-254	-1.741e+00						
ENSG00000144354					 7.597e-42	-2.400e+00						
ENSG00000258199					 2.454e-22	-1.145e+00						
ENSG00000116183			1.192e-102	 4.809e+00	 0.000e+00	 4.065e+00					 1.416e-32	-4.0407201
ENSG00000260920			 6.871e-09	 1.172e+00								
ENSG00000115008			 5.497e-14	 2.053e+00	3.613e-221	 5.522e+00	 4.251e-17	-2.350e+00				
ENSG00000181773	 1.927e-10	 1.142e+00										
ENSG00000261114			 2.702e-07	 1.797e+00								
ENSG00000168874	 2.525e-87	-1.187e+00	1.964e-125	-1.424e+00	 6.502e-72	-1.980e+00	 0.000e+00	-2.918e+00			 2.482e-24	 1.3522538
ENSG00000134324			3.195e-147	-1.078e+00	 8.448e-96	-1.424e+00						
ENSG00000074410					 1.835e-65	-2.363e+00						
ENSG00000165879					 9.104e-13	-1.231e+00	 4.751e-32	-1.689e+00				
ENSG00000044574					3.014e-144	 2.085e+00						
ENSG00000164236	 6.461e-60	-1.215e+00	 5.387e-65	-1.470e+00	 2.203e-63	-1.429e+00					 1.687e-37	-1.4391169
ENSG00000090776	6.415e-125	-1.017e+00			7.111e-163	-1.401e+00						
ENSG00000262429			 9.277e-06	 1.801e+00								
ENSG00000169067	 2.872e-30	 1.489e+00	 2.505e-08	 1.264e+00	 1.499e-25	-4.552e+00			 1.476e-09	-1.6984842	 5.031e-17	-3.3160301
ENSG00000248794					 2.552e-05	 1.309e+00						
ENSG00000171223	 4.015e-91	 1.169e+00	1.837e-136	 1.414e+00	 2.333e-42	 1.023e+00						
ENSG00000147027					 2.409e-90	 1.042e+00	 2.421e-87	 1.037e+00				
ENSG00000266680					 9.813e-08	-1.598e+00						
ENSG00000104524					 3.466e-21	-1.168e+00						
ENSG00000114771	 1.164e-41	-1.273e+00	 9.906e-08	-1.223e+00	 2.548e-11	-2.493e+00	 5.709e-48	-1.477e+00	 1.002e-11	-1.2775214		
ENSG00000224460					 2.542e-07	 1.245e+00						
ENSG00000102683					3.020e-120	 6.466e+00						
ENSG00000062524			 8.371e-08	 1.157e+00	 1.859e-38	 1.835e+00						
ENSG00000206417			 3.144e-13	-1.026e+00	 2.313e-21	-1.547e+00	 3.569e-48	-2.257e+00				
ENSG00000000971					1.163e-106	-1.079e+00	 3.070e-40	-1.032e+00	8.565e-197	-1.5690118		
ENSG00000146250	 7.112e-16	-1.748e+00	 9.052e-11	-1.360e+00	 2.270e-06	-1.810e+00					 4.007e-30	 2.2386754
ENSG00000243244	 7.191e-31	-1.131e+00	1.133e-203	-1.630e+00	1.416e-180	-3.203e+00	 6.518e-18	-1.038e+00				
